0.000000000000000000e+00 3.563004719116919915e-03
5.000000000000000000e-01 3.563004481843560969e-03
1.000000000000000000e+00 3.563003754809804854e-03
1.500000000000000000e+00 3.563002536339225212e-03
2.000000000000000000e+00 3.563000823612646594e-03
2.500000000000000000e+00 3.562998612603880764e-03
3.000000000000000000e+00 3.562995898137700720e-03
3.500000000000000000e+00 3.562992673853060226e-03
4.000000000000000000e+00 3.562988932047547221e-03
4.500000000000000000e+00 3.562984663934908730e-03
5.000000000000000000e+00 3.562979859113587534e-03
5.500000000000000000e+00 3.562974506089821095e-03
6.000000000000000000e+00 3.562968591703375223e-03
6.500000000000000000e+00 3.562962101365833075e-03
7.000000000000000000e+00 3.562955018816078498e-03
7.500000000000000000e+00 3.562947326170675874e-03
8.000000000000000000e+00 3.562939003766276563e-03
8.500000000000000000e+00 3.562930029920131220e-03
9.000000000000000000e+00 3.562920380991616964e-03
9.500000000000000000e+00 3.562910031037228205e-03
1.000000000000000000e+01 3.562898951926281397e-03
1.050000000000000000e+01 3.562887112869722074e-03
1.100000000000000000e+01 3.562874480417025768e-03
1.150000000000000000e+01 3.562861018050356848e-03
1.200000000000000000e+01 3.562846686199557401e-03
1.250000000000000000e+01 3.562831441710436267e-03
1.300000000000000000e+01 3.562815237681375008e-03
1.350000000000000000e+01 3.562798023045566156e-03
1.400000000000000000e+01 3.562779742241185908e-03
1.450000000000000000e+01 3.562760334734646137e-03
1.500000000000000000e+01 3.562739734510471639e-03
1.550000000000000000e+01 3.562717869653625555e-03
1.600000000000000000e+01 3.562694661545545271e-03
1.650000000000000000e+01 3.562670024310299419e-03
1.700000000000000000e+01 3.562643863959089486e-03
1.750000000000000000e+01 3.562616077553127768e-03
1.800000000000000000e+01 3.562586552173439749e-03
1.850000000000000000e+01 3.562555163720268914e-03
1.900000000000000000e+01 3.562521775722813158e-03
1.950000000000000000e+01 3.562486237726774155e-03
2.000000000000000000e+01 3.562448383679003676e-03
2.050000000000000000e+01 3.562408029916268662e-03
2.100000000000000000e+01 3.562364972920173834e-03
2.150000000000000000e+01 3.562318986712072373e-03
2.200000000000000000e+01 3.562269819795406758e-03
2.250000000000000000e+01 3.562217191726917229e-03
2.300000000000000000e+01 3.562160788942969527e-03
2.350000000000000000e+01 3.562100260002345944e-03
2.400000000000000000e+01 3.562035209969270991e-03
2.450000000000000000e+01 3.561965193762685420e-03
2.500000000000000000e+01 3.561889708321577114e-03
2.550000000000000000e+01 3.561808183321318703e-03
2.600000000000000000e+01 3.561719969961091130e-03
2.650000000000000000e+01 3.561624327671990449e-03
2.700000000000000000e+01 3.561520408041863196e-03
2.750000000000000000e+01 3.561407235290394747e-03
2.800000000000000000e+01 3.561283682530514035e-03
2.850000000000000000e+01 3.561148442705672126e-03
2.900000000000000000e+01 3.560999992705504193e-03
2.950000000000000000e+01 3.560836548895702277e-03
3.000000000000000000e+01 3.560656011498002788e-03
3.050000000000000000e+01 3.560455894618621935e-03
3.100000000000000000e+01 3.560233237467178187e-03
3.150000000000000000e+01 3.559984490731553462e-03
3.200000000000000000e+01 3.559705369921332529e-03
3.250000000000000000e+01 3.559390664083411475e-03
3.300000000000000000e+01 3.559033983854509222e-03
3.350000000000000000e+01 3.558627425628079627e-03
3.400000000000000000e+01 3.558161118516998088e-03
3.450000000000000000e+01 3.557622604836467237e-03
3.500000000000000000e+01 3.556995980511268828e-03
3.550000000000000000e+01 3.556260683062710884e-03
3.600000000000000000e+01 3.555389752143054815e-03
3.650000000000000000e+01 3.554347283933332376e-03
3.700000000000000000e+01 3.553084623903210969e-03
3.750000000000000000e+01 3.551534532865191496e-03
3.800000000000000000e+01 3.549602000308697738e-03
3.850000000000000000e+01 3.547149325248990376e-03
3.900000000000000000e+01 3.543971022018052672e-03
3.950000000000000000e+01 3.539749878926779034e-03
4.000000000000000000e+01 3.533976358958244510e-03
4.050000000000000000e+01 3.525792580269719242e-03
4.100000000000000000e+01 3.513670782076102651e-03
4.150000000000000000e+01 3.494700969559071373e-03
4.200000000000000000e+01 3.462879670658470903e-03
4.250000000000000000e+01 3.404655958488232281e-03
4.300000000000000000e+01 3.286894903703966100e-03
4.350000000000000000e+01 3.030422124304551958e-03
4.400000000000000000e+01 2.524244520288124356e-03
4.450000000000000000e+01 1.873264149647554900e-03
4.500000000000000000e+01 1.357346002342167202e-03
4.550000000000000000e+01 1.023012312436993388e-03
4.600000000000000000e+01 8.073080648210681802e-04
4.650000000000000000e+01 6.613409193399161050e-04
4.700000000000000000e+01 5.574735857563127648e-04
4.750000000000000000e+01 4.803357360257441244e-04
4.800000000000000000e+01 4.210195388591779432e-04
4.850000000000000000e+01 3.741001370352854487e-04
4.900000000000000000e+01 3.361175078007715188e-04
4.950000000000000000e+01 3.047736154826810877e-04
5.000000000000000000e+01 2.784879975442019779e-04
5.050000000000000000e+01 2.561406013400661995e-04
5.100000000000000000e+01 2.369168387062672984e-04
5.150000000000000000e+01 2.202108048363817655e-04
5.200000000000000000e+01 2.055628678864333011e-04
5.250000000000000000e+01 1.926182696328312038e-04
5.300000000000000000e+01 1.810989658463467010e-04
5.350000000000000000e+01 1.707840389393403555e-04
5.400000000000000000e+01 1.614957976446394371e-04
5.450000000000000000e+01 1.530897331713875311e-04
5.500000000000000000e+01 1.454471427809738034e-04
5.550000000000000000e+01 1.384696317581829363e-04
5.600000000000000000e+01 1.320749599330064115e-04
5.650000000000000000e+01 1.261938650978411847e-04
5.700000000000000000e+01 1.207676059752619575e-04
5.750000000000000000e+01 1.157460418906594384e-04
5.800000000000000000e+01 1.110861174424737961e-04
5.850000000000000000e+01 1.067506560817646196e-04
5.900000000000000000e+01 1.027073916680367122e-04
5.950000000000000000e+01 9.892818506407010564e-05
